0001000000001011
0011000000000000
1011111111111111
0001000000000001
0011000000000000
1011111111111110
0001000000000010
0011000000000000
1011111111111101
0010000000000000
1011111111111101
0011000000000000
1011111111111100
0010000000000000
1011111111111111
0010010000000000
1011111111111100
1011000100000000
1110000000000000
0000000001000110
1100000000000000
0000000001011001
0010000000000000
1011111111111111
0011000000000000
1011111111111100
0010000000000000
1011111111111100
0011000000000000
1011111111111011
0010000000000000
1011111111111101
0010010000000000
1011111111111011
1011010000000000
1110000000000000
0000000001000110
1101000000000000
0000000001000110
1100000000000000
0000000000111010
0010000000000000
1011111111111100
0011000000000000
1011111111111011
0010000000000000
1011111111111101
0011000000000000
1011111111111010
0010000000000000
1011111111111011
0010010000000000
1011111111111010
0101000100000000
0011000000000000
1011111111111100
1100000000000000
0000000000011010
0010000000000000
1011111111111100
0011000000000000
1011111111111011
0001000000000000
0010010000000000
1011111111111011
1011010000000000
1101000000000000
0000000001000110
1100000000000000
0000000001001001
0001000000000000
0011000000000000
1011111111111110
0010000000000000
1011111111111101
0011000000000000
1011111111111011
0001000000000001
0011000000000000
1011111111111010
0010000000000000
1011111111111011
0010010000000000
1011111111111010
0100000100000000
0011000000000000
1011111111111101
1100000000000000
0000000000001001
